$ANSIBLE_VAULT;1.1;AES256
39336233366165616136663362663838313536343232333864376161313935323764363932366432
3939666263346661646230323831393537613734633838620a396366356433623766313139366233
30613964356662376539613564663434356163333863343465326234376636303364333162303137
3935363265613134350a663730613034353661313331333335313163376539363562356331383334
64326461626238313364393962393437666461613739313133613835316661353163333930356332
37613432636432643632323338656337623034376539326533353735656431656534376439653532
34653230356562363433343037633834303462383739313265653862393332653466643035653665
61616466636437376331626436653334393262316432653465343033306435326439316562313533
30336230653161363864333266663862373830383833326366663638653134363037353137356234
66393861373364333834336162353362623735356162376263393136646338616136616330393761
31363966303036316261316138666233373630393163663039653065376336393066363034646335
33383638663862396161326331656233396434643631636134633238663866396663346133636138
63663938373834373539643032346332326366363464623830323263656330396539633963376464
66363935303732313032346138336161343166666331353533363565373861323661323536613163
32383435303161303966336665353733613934643761646165323833303331613464626137303566
32306636626538666338653630356331373665326630646665383266393837663831353337366534
38366238373336383232386332613737303764323566633033633034396635393539326232666430
33396465626132616130353931616264313637383330393832626263313964626636653061393738
38623336376438376365393961373231663030373233653961383436386633363666636130386662
31366339373065646162613734663464396631623435616431376262613864626435636662663230
62666537343863353236313335313630663535343932623665313031353534656431643036313732
30376566336461653461366366636265306461333235363661646562656162373532336535376632
64656338353762643930643034613030623037353461626231653939623161396232366237363961
62656139653731353264636538353166333330656662623366653466396332633266336561366435
35303230303231366339303530383837346639656563383632306561626463353834343136623933
33626437356361393238616263303735313934646264386564643064366364316239346333303733
64643065353534353062663865366263353533383533396265353037303138323930396432306364
37303637366466613839346533343062653261613762613533636538633536313865386466303530
33653862366630383838353863633934623538663164646266613739313066323465643038386430
64386461663661363265373963343862346465613431353838303534353265333461363465306536
31646433663466366536303361303561666164383936643866643538333263383939336466333236
61383434353930363735326565633337306435343266386466373537393633393330646633326266
65323261663563396436333166363363366561393364646465623466616139363535376431626437
66336134303837333738623366363764363837643463316336383265383937383938346333623233
30663535383963396231616662323166653335356132333639626361323839656637663932656635
66383237326166656562326330633537393333303562386136623265373438343436653039373233
63653833343966303461336138353339356538303263383066333931333964346566633761353531
31333635333837626436306566313333323438373763326231623466316638343631303238613731
38363565656332393164343231333364663961383064336336663161353263333938353232396561
63393337643939636135383563616266633139646636646630656536343233626466346364333533
63303437656565613665316165663837313934613361323734333036363232616665353766666562
34313061656664633562613935343662373930636232313861396330393563613665333763363531
30343231396236343933373237353932613637323031666531366338333461626137646438326633
66303038643861356237353838356137363039313232326533633331643634363139633734613130
31316633626330363365366138616261333631383836346330356266376138613032356333663062
62313739623838373539626562396635636136356661316239613238666364633161636638653766
63366137643031613235623837396661643762333430316137356230636534306630313139656137
63333962383265646266336531346432343634393935623233643663306137666463366232623563
36343663663335613561373465353766336165376630326165353836613663666232343065366565
35396639343936626434303530333237323735623063666138646235366137383961613332643461
34303661623964373861613531613038386264383538333734656137643132396134343530343636
61663839376439633734653532333163306262323666363766353366643831333535356236316161
32633139383436326534623436313230636264306561313265356537346265613136346134323238
66376666623265326666306630653162363235613034633931626431653537353930336135313239
30366335636366336233313564643261306630313535373432323333616630663839386134653466
37343235306561396639383832326330363735303035633864346133383430323631366463396135
62393536336636306665633962333965333638366333306538396137306231366365633634326431
62323338643738303765643962356266633930653462663834616462306134386330323063633433
65336531303533376234636237303864643734386331623839313662373966626563613932346534
37663264373838316636393537613937623062616538363164326537316430346361653434663434
32306235323332643130373661323531323436313966626337343166643333313465653864306539
62316466323239396363373632383763353038373265333632636338653630653234663565353634
65363865346463666434663736306463643735326239383763366433643535656634636430336163
33326164656362333065306563613335643565326265386166336663393333386132333132383838
66653032316663376231383561353364656466333030333165306466333730623030643730663734
32343362376431626563393236343835643030636561396431626139643537316137646365626461
62386235323065383935323661333361343363373735303338383836373031616465626631303864
34333537653231653037656439373338613265623866323239643339313731396663656264633263
37313034383134393664306462626231666163393431313131663762376432363638356333303932
65623366616433363733363966393837613031333762396238356535633434653462363032333335
32343433323234613563303933666462626362633031656161356163326363616332366136633665
66363564643137316639363466623039343936643731613237613132313034313832336132626637
63336631376631626136623561616339613466653566303033666336643732303361656538313631
39646163666330326536613965623936393465366534623635623062393238316361663166626134
39336165623230613939653334613361636163663662363539613936653530303938613930376239
33363033333061303163336430643237663538323237313462613934336633633739613439356239
38666433613536363766376466336139663230633638366234653736616363666331343839363631
31353566643666333064376366306237303631666561623931386234333862336263333261663831
35326637616661316434663131316664326631336336363935373439376237616438393966633764
64316233333865623335306131373531646439363666336562386335353062633332336630346532
37303838663462653164346563623239656331623066353837613463663031626533613266376535
37666664636136393936393062386439653033313035666133366530386166623064613761303165
39656664643366383934393937376566366131326535373933613333613164396561353366373964
61356661383830303563633830393063386332373936663462303861326636633765386531363339
31386538633034666637336331643363326535303962633036626165376532396531616439396131
32393130363434376132333363366565366265383966353366383239623337366264636331333738
30306433616265343666323332366363396661393564653761626362663836313233306332313834
36336338383230316535396236383662363932623462373030613237623531633964366133346664
61646234616363616234646333373464656263633462386337343334386666326566373938353961
64316332383031303232653064623963306137666165366635623737633165396339386363663065
37316638626637396463303461613230323532346665386662666533343166313861383932376135
35376261343261393336623338633563663737356439623136613732326133353933653138626563
34393833303234303636333033326336386330623938666236343236373035616438653634653835
30646330303333663262616132633237383439396237383637336638353663326334316462626335
64323966613164323137613437336632616464613335383464366635376637633530303438383338
63343961666531343131393139626665386166343361366238643364383463316365653936383165
33336530393765396438623335623939326335386162373535356265613238393663646531656236
37656261303666633538616632346633633365643330653934353234303163326665303565343233
33313231376236366261656432616337663661393035366532316131313233356465633632373536
33616436656332613631343764383236323530366437366565343061363632366163656361663465
37623136373733303763643036396236366135616361623239306334646330663437353530333466
32383838616439613733653064366665653033663231623635666263626436663632366132353231
64363333633533666531393632343766663965643638626334336436336463323335383362363736
36646435386135303162656264623766653733646337623634306563616261386238323437653665
36626431336332303835373465613038633466666430386365356664383865663863356435656135
64663135313666353666613464663338323563666232346336326430323162616539643162383633
63613235316361613739643761323063653064393632336539373338646166383735376330643932
64306536656136623934383364373338386634303134363230316338656637346161323762386531
38623331336633323532383230313936376138646565353836343739383264363131613136323833
63353463346161373731623039353864656264316563396365336364383831353161386438633333
33366264366363353964316430326461303539613065303432616566366437323162303131306265
35343466353865316236663634626436386132366164313438343637396239323630376238633533
38663739363162303762323162623932326232336637396465333664326336363232376436393735
39373662363334663761353833323630643063336633353536653639393164616635356639653139
66353136323436373163383132393135303838343932653530313061323039633066656432633632
32626464363962653033383734616565303664636462373565396130383831613736343461313435
39313265313137386436383737356239326432653465386637353062386561646565313638633930
34396262343038653933663865353535646363666237653166633537366139646433383036323032
62363936313334616530323737393431613864373730303538306663353663336165366636333138
39363631626561396430393561366465343037626633383335613465663137643166333933333466
30316464613531363062363531343165313833666261323037656233323661306432373431663964
66623864656566656563343933336561343863386563393561373438643439663530666366313039
34353535373932333435353132633537353565373136343031633435656134316138316366306336
64353636393134346235333334346333653333623664666363393430353531663139613336636161
64306238353438336132333130646234313730363362373737336531663262323336663037353066
61333862376532373964653539336130396262343035613630666461656536313763646236306133
35613162663763393265333836363964353733306534336161653537373765663234363564623761
38376133353766313964376262656662306265376333363664613865343563313561303964623037
61306433323531363864626436663066373432316462643661376632373166366338366563383066
35623639346637306235363332346435623235373364313231316561363036653437323736643433
32623136643164613839313837636430623231343939653530333964363433376665363232316335
61353963633236633965303232393362336266333336663735346232393838323535656564353732
66326665623631383561653130376364326331646164326633396662643130353731633537306136
3736346663383763376434613961626538313531613461306563
