$ANSIBLE_VAULT;1.1;AES256
35323438393830353130306537316361316331663736663031396534653165376461616664326638
3930353237353437376239363833646230653264333566630a353732393266316637636338366663
30313839616662356263333562373031346463303936626239633533396235306530613232643936
6135643266666234610a613234643465656237646137636633376136666161373631663037303837
35656664353961623362336661313262653337613432633763366239636563623965616535643261
65333631346436356438653236623465633566323566643236336331376437396165663334393363
62386161623262346437316534373861393934313265613032313834323331613834326165373936
35323739313835643932636239623763323365663435343861333961646132623066396534316665
34646439613764386263646630353532343738663364393066333634613065633536636265336164
32666438353338626561383935373862633435633361633337363536646637373632646130343439
35613361643863386436316234396562663666663438316166323236373534383238386137373335
61363235626639623835353934663563373639393137313466336665303739303562643435373637
39356335363863313337363964343035616133366332383433323532306436636436633562643038
64643538643663666335386131666333623535636134646266353139303362383036326239326464
64363831343931393034383563353630633264393738363338396166316663616431396132616431
61343531643730623138316566323133663966313061303936313934363830356230393436643162
33653164386466326631646133613239623963653738623733393937363238313733653837636434
65643931663637316232663239633065383534383837376233633062616532666531613239376137
66633639663631323538353730613732346134653334346133393137653431333764633565326237
35316362636336613166346439323433346365653163663836316164613962383038633038393133
37643764656230646334383966303166316337373066376533343062663534666234613638346665
62353638643063393261363333386137396266376635613933663239326331663137363230646330
65323337316463343334323035613033636638663232353666313734343937653734653165653962
33373232663034636237343738373261393837303538393430396530393437333532306364326564
34633932313164653338303363643363313835316163373732326165356162613733643464343435
30653634323834356633663738383162303138663832663332663132383562666133663630303466
31373635666565333834643062396433653762653731336562343264376263323332643631353837
30336330353838343533393038323963306233393063663738666332393137633832653836303661
66336236656563616330353363333464653633386637346635313930353730386237303762643631
32393864633566353139616661623435623839316131316533333261333438313136333030643066
31376338316663613566313333336332376138333132623433653366373132303031613535363361
30356133653964306635666164383632393465386364323734353662663536306238363837623932
3338
